     0/299    0.593G   0.07559   0.02403   0.03707    0.1367        21       640    0.3368    0.4674    0.2752    0.1103   0.06029   0.01658   0.02794
     1/299     9.81G   0.05483   0.01935   0.01617   0.09034        24       640    0.3038    0.4096     0.236   0.09967   0.05807   0.01596   0.03601
     2/299     10.7G   0.05001   0.01836   0.01194   0.08031        18       640     0.451    0.3679    0.1876   0.07878   0.05851   0.02239   0.05603
     3/299     10.7G   0.04723   0.01822    0.0121   0.07755        26       640    0.2961    0.4013     0.221    0.1119     0.055   0.01812   0.06284
     4/299     10.7G   0.04581   0.01812   0.01108   0.07501        22       640    0.4193     0.428     0.291    0.1464   0.04877   0.01748   0.03346
     5/299     10.7G   0.04467   0.01788   0.01028   0.07282        28       640    0.4241    0.4257    0.3034    0.1559   0.04725   0.01691   0.03337
     6/299     10.7G   0.04448   0.01799   0.01048   0.07294        33       640    0.3941    0.5239    0.3747    0.2048   0.04486   0.01626   0.02784
     7/299     10.7G   0.04414   0.01794  0.009613    0.0717        27       640    0.4485    0.4828    0.3978    0.2185   0.04389   0.01596    0.0237
     8/299     10.7G   0.04323   0.01774  0.009338   0.07031        24       640    0.4269    0.5106    0.4134    0.2264    0.0427   0.01512   0.01676
     9/299     10.7G    0.0433   0.01777  0.009352   0.07042        24       640     0.476     0.525    0.4562    0.2587   0.04156   0.01482   0.01393
    10/299     10.7G   0.04291   0.01761  0.008894   0.06941        17       640     0.482    0.5531    0.4887    0.2815   0.04118   0.01415   0.01136
    11/299     10.7G    0.0428   0.01762  0.008693   0.06912        22       640    0.4947    0.5769    0.5149    0.3003   0.04019   0.01431  0.008859
    12/299     10.7G   0.04267   0.01754  0.008661   0.06887        18       640    0.5322    0.5754    0.5318    0.3177   0.03974   0.01397  0.008158
    13/299     10.7G   0.04237   0.01752  0.008241   0.06814        18       640    0.5329    0.5924    0.5447    0.3275   0.03929   0.01393  0.007999
    14/299     10.7G   0.04217   0.01754  0.007958   0.06767        23       640     0.554    0.5757    0.5456    0.3314    0.0389     0.014  0.007869
    15/299     10.7G   0.04214   0.01756  0.008016   0.06772        22       640    0.5477    0.5843    0.5495    0.3358    0.0388   0.01386  0.007167
    16/299     10.7G   0.04186   0.01755  0.007905   0.06732        18       640    0.5368    0.6131      0.56     0.345   0.03839   0.01374  0.006931
    17/299     10.7G   0.04176   0.01743  0.007737   0.06693        34       640    0.5638    0.6025    0.5694    0.3496    0.0382   0.01355  0.006672
    18/299     10.7G   0.04168   0.01733    0.0078    0.0668        23       640    0.5721    0.6037    0.5736    0.3553    0.0381   0.01356  0.006646
    19/299     10.7G   0.04129   0.01724  0.007521   0.06605        21       640    0.5774    0.6098    0.5799    0.3612   0.03767   0.01343  0.005995
    20/299     10.7G   0.04144   0.01747  0.007599   0.06651        21       640    0.5622    0.6321     0.582    0.3628   0.03761   0.01329  0.005961
    21/299     10.7G   0.04139   0.01737  0.007613   0.06637        19       640    0.5562    0.6533    0.5881    0.3692   0.03743    0.0132  0.005772
    22/299     10.7G   0.04137   0.01756  0.007464    0.0664        23       640    0.6069    0.5982    0.5866    0.3679   0.03741   0.01314    0.0058
    23/299     10.7G   0.04123   0.01724  0.007147   0.06562        22       640    0.5836    0.6289    0.5888    0.3697   0.03721   0.01312  0.005645
    24/299     10.7G   0.04097   0.01728  0.007242   0.06549        18       640    0.5942    0.6213    0.5892     0.371    0.0372   0.01311  0.005667
    25/299     10.7G   0.04103   0.01729  0.006803   0.06512        19       640     0.589    0.6309    0.5926    0.3728   0.03719   0.01307   0.00557
    26/299     10.7G   0.04085    0.0172  0.006947   0.06499        19       640    0.5885    0.6358    0.5933    0.3747   0.03706   0.01305   0.00555
    27/299     10.7G   0.04078   0.01726  0.006775   0.06482        18       640    0.5972    0.6294    0.5958    0.3762   0.03699   0.01302  0.005526
    28/299     10.7G   0.04088   0.01741  0.006767   0.06506        18       640    0.6027     0.625    0.5974    0.3772   0.03692     0.013  0.005557
    29/299     10.7G   0.04079   0.01718  0.006949   0.06492        27       640    0.5928    0.6378    0.5975    0.3776   0.03685     0.013  0.005496
    30/299     10.7G   0.04062   0.01716   0.00696   0.06475        21       640    0.5845    0.6479    0.5983    0.3777   0.03677   0.01299  0.005474
    31/299     10.7G   0.04063   0.01706  0.006781   0.06447        22       640    0.5769    0.6578    0.5983    0.3782   0.03669   0.01298  0.005436
    32/299     10.7G   0.04057   0.01718  0.006555    0.0643        18       640    0.5823    0.6521     0.599    0.3788   0.03665   0.01297  0.005439
    33/299     10.7G   0.04062   0.01701  0.006578   0.06421        19       640    0.5779    0.6584    0.6002    0.3795   0.03661   0.01296   0.00542
    34/299     10.7G   0.04054    0.0173  0.006548   0.06438        29       640    0.5823    0.6552    0.5998    0.3801   0.03658   0.01296  0.005395
    35/299     10.7G   0.04035   0.01711  0.006325   0.06378        36       640    0.5877    0.6508    0.5995    0.3803   0.03655   0.01295  0.005361
    36/299     10.7G   0.04044   0.01719    0.0064   0.06403        18       640    0.5972    0.6397    0.5993    0.3801   0.03652   0.01295  0.005326
    37/299     10.7G   0.04028   0.01713  0.006355   0.06377        23       640    0.5821    0.6579    0.5997    0.3805   0.03651   0.01295  0.005296
    38/299     10.7G   0.04024   0.01709  0.006088   0.06342        16       640    0.5932    0.6463    0.6001    0.3806   0.03648   0.01295  0.005274
    39/299     10.7G   0.03991   0.01694  0.006256    0.0631        22       640    0.5912    0.6509    0.6007    0.3805   0.03647   0.01295  0.005265
    40/299     10.7G   0.04008   0.01713  0.006303   0.06352        17       640    0.5951    0.6478    0.6007    0.3812   0.03646   0.01295  0.005256
    41/299     10.7G   0.04016   0.01709  0.006144   0.06339        30       640    0.5948     0.647    0.6005    0.3814   0.03644   0.01295  0.005257
    42/299     10.7G   0.04015   0.01718  0.006059   0.06339        32       640    0.5862    0.6576     0.601    0.3818   0.03643   0.01294  0.005249
    43/299     10.7G   0.03995   0.01704  0.006125   0.06311        35       640    0.5882    0.6546    0.6011    0.3822   0.03641   0.01293  0.005232
    44/299     10.7G    0.0401   0.01704  0.006038   0.06318        27       640    0.5864    0.6584    0.6018    0.3828   0.03639   0.01293  0.005227
    45/299     10.7G   0.03993   0.01682  0.006009   0.06276        18       640    0.5848    0.6615    0.6016    0.3836   0.03637   0.01293  0.005218
    46/299     10.7G   0.03978   0.01708  0.005978   0.06284        26       640    0.5879    0.6564    0.6018     0.384   0.03635   0.01292  0.005209
    47/299     10.7G   0.03994   0.01701  0.005979   0.06294        19       640    0.5925    0.6524    0.6025    0.3847   0.03634   0.01292   0.00521
    48/299     10.7G   0.03959   0.01687  0.005776   0.06223        24       640    0.5762    0.6737    0.6029    0.3849   0.03631   0.01292  0.005206
    49/299     10.7G   0.03969   0.01697  0.005742   0.06239        19       640    0.5766    0.6723    0.6031     0.385   0.03629   0.01292  0.005205
    50/299     10.7G   0.03964   0.01694  0.005917    0.0625        17       640    0.5907     0.653    0.6031    0.3854   0.03628   0.01291  0.005211
    51/299     10.7G   0.03944   0.01699  0.005872   0.06229        19       640    0.5854    0.6607    0.6031    0.3858   0.03626   0.01291  0.005213
    52/299     10.7G   0.03954   0.01696  0.005686   0.06218        24       640     0.587    0.6596    0.6033    0.3861   0.03625   0.01291   0.00522
    53/299     10.7G   0.03969    0.0169  0.005648   0.06224        21       640    0.5937    0.6514    0.6034    0.3862   0.03624   0.01291  0.005209
    54/299     10.7G   0.03947   0.01701  0.005603   0.06208        22       640    0.6086    0.6346    0.6038    0.3862   0.03623    0.0129  0.005206
    55/299     10.7G   0.03922   0.01688  0.005534   0.06164        21       640    0.6083    0.6366    0.6045    0.3865   0.03622    0.0129  0.005204
    56/299     10.7G   0.03958   0.01698  0.005453   0.06201        21       640    0.6106     0.634    0.6045    0.3866   0.03622    0.0129   0.00521
    57/299     10.7G   0.03977   0.01705  0.006026   0.06285        16       640    0.5989    0.6474     0.605     0.387   0.03621    0.0129  0.005213
    58/299     10.7G   0.03978   0.01704  0.006005   0.06283        46       640    0.5926    0.6552     0.605    0.3872   0.03621    0.0129  0.005216
    59/299     10.7G   0.03937   0.01701  0.005667   0.06204        18       640    0.6008    0.6479    0.6055    0.3876   0.03622    0.0129  0.005215
    60/299     10.7G   0.03902   0.01693  0.005455    0.0614        20       640    0.6031    0.6461    0.6054    0.3877   0.03622    0.0129  0.005216
    61/299     10.7G   0.03934   0.01688  0.005544   0.06177        23       640    0.5981    0.6522    0.6059     0.388   0.03621    0.0129  0.005218
    62/299     10.7G    0.0395   0.01699  0.005553   0.06204        22       640    0.6016    0.6474    0.6059    0.3882    0.0362    0.0129  0.005218
    63/299     10.7G    0.0393   0.01678  0.005404   0.06149        17       640    0.5919    0.6591    0.6061    0.3884    0.0362    0.0129   0.00522
    64/299     10.7G   0.03913   0.01682  0.005435   0.06139        24       640    0.5896    0.6624    0.6058    0.3882   0.03619   0.01291  0.005226
    65/299     10.7G   0.03874   0.01672  0.005328   0.06078        23       640    0.6016    0.6484    0.6058    0.3884   0.03618   0.01291  0.005234
    66/299     10.7G   0.03877   0.01669  0.005123   0.06058        23       640    0.6088    0.6415    0.6062    0.3886   0.03617    0.0129  0.005242
    67/299     10.7G   0.03884   0.01677  0.005171   0.06078        18       640    0.5966    0.6545    0.6058    0.3888   0.03616   0.01291  0.005255
    68/299     10.7G   0.03903   0.01689  0.005295   0.06121        32       640    0.5968    0.6554    0.6061    0.3888   0.03615   0.01291   0.00527
    69/299     10.7G   0.03925   0.01677  0.005102   0.06113        18       640    0.5944    0.6584     0.606    0.3889   0.03613   0.01291  0.005273
    70/299     10.7G   0.03909    0.0168  0.005251   0.06114        18       640      0.59    0.6631    0.6061    0.3891   0.03613   0.01291  0.005281
    71/299     10.7G   0.03882    0.0168  0.005207   0.06083        31       640     0.603    0.6477    0.6059    0.3892   0.03612   0.01291   0.00529
    72/299     10.7G   0.03873    0.0168  0.005002   0.06053        21       640    0.6023    0.6486    0.6062     0.389    0.0361   0.01291    0.0053
    73/299     10.7G   0.03886   0.01667  0.004985   0.06051        23       640    0.5949    0.6575    0.6057     0.389    0.0361   0.01291  0.005317
    74/299     10.7G    0.0388   0.01679  0.005058   0.06065        28       640    0.5915    0.6625    0.6064    0.3894   0.03609   0.01291  0.005311
    75/299     10.7G    0.0386   0.01676  0.005233   0.06059        17       640    0.5939    0.6605    0.6068    0.3892   0.03609   0.01291  0.005322
    76/299     10.7G   0.03881   0.01669  0.005033   0.06054        19       640    0.6061    0.6466    0.6073    0.3893   0.03608   0.01291  0.005326
    77/299     10.7G   0.03864   0.01671  0.004958   0.06031        19       640    0.6026    0.6513    0.6075    0.3894   0.03607   0.01291   0.00533
    78/299     10.7G   0.03854   0.01687  0.005013   0.06043        42       640    0.6044    0.6494    0.6075    0.3897   0.03607    0.0129  0.005334
    79/299     10.7G   0.03855   0.01662  0.005024   0.06019        20       640    0.6109    0.6431    0.6079    0.3899   0.03606   0.01291  0.005337
    80/299     10.7G   0.03848   0.01664  0.004813   0.05993        19       640    0.6115     0.642     0.608    0.3901   0.03605    0.0129  0.005352
    81/299     10.7G   0.03848   0.01676  0.004902   0.06014        17       640    0.6092    0.6439    0.6076    0.3904   0.03604   0.01291  0.005355
    82/299     10.7G   0.03851   0.01672  0.004896   0.06013        21       640    0.5925    0.6627    0.6076    0.3906   0.03604   0.01291  0.005363
    83/299     10.7G   0.03842   0.01652  0.004644   0.05959        27       640    0.5932    0.6628    0.6077    0.3906   0.03604   0.01291  0.005364
    84/299     10.7G   0.03847   0.01665  0.004826   0.05994        19       640    0.5955    0.6597    0.6074    0.3903   0.03604   0.01291  0.005371
    85/299     10.7G   0.03843   0.01666  0.004706   0.05979        18       640    0.5943    0.6618    0.6077    0.3905   0.03604   0.01291  0.005372
    86/299     10.7G   0.03832   0.01672  0.004887   0.05992        34       640    0.5947    0.6618    0.6077    0.3905   0.03603   0.01291  0.005372
    87/299     10.7G   0.03818   0.01653  0.004669   0.05938        20       640    0.6003    0.6543    0.6077    0.3908   0.03604   0.01291  0.005376
    88/299     10.7G   0.03841   0.01651  0.004742   0.05966        26       640     0.596    0.6594    0.6076    0.3907   0.03604   0.01291  0.005375
    89/299     10.7G   0.03841   0.01666   0.00479   0.05986        38       640    0.6053    0.6498    0.6075    0.3906   0.03604   0.01291  0.005368
    90/299     10.7G    0.0381   0.01669  0.004787   0.05958        27       640    0.6026    0.6517     0.608    0.3906   0.03605   0.01291   0.00537
    91/299     10.7G   0.03834   0.01654  0.004636   0.05951        22       640    0.5945    0.6615    0.6078    0.3903   0.03606   0.01291  0.005377
    92/299     10.7G   0.03815   0.01653  0.004775   0.05945        22       640    0.6017    0.6538    0.6079    0.3908   0.03606   0.01292  0.005384
    93/299     10.7G   0.03812   0.01661  0.004665    0.0594        23       640    0.6033     0.652     0.608    0.3912   0.03607   0.01292  0.005391
    94/299     10.7G     0.038   0.01656  0.004701   0.05926        18       640    0.6056    0.6509    0.6085    0.3916   0.03608   0.01292  0.005408
    95/299     10.7G   0.03807   0.01649  0.004598   0.05915        20       640    0.5999    0.6579    0.6085    0.3917   0.03609   0.01292  0.005416
    96/299     10.7G   0.03809   0.01663  0.004619   0.05934        24       640    0.6029    0.6529    0.6087    0.3919   0.03609   0.01292  0.005425
    97/299     10.7G   0.03805   0.01641   0.00468   0.05914        20       640    0.5967    0.6593    0.6087    0.3921    0.0361   0.01292  0.005432
    98/299     10.7G   0.03802    0.0165  0.004444   0.05896        25       640    0.6068    0.6486    0.6085    0.3923    0.0361   0.01292  0.005454
    99/299     10.7G   0.03812   0.01637  0.004583   0.05907        25       640    0.6088    0.6466    0.6088    0.3927    0.0361   0.01292  0.005466
   100/299     10.7G   0.03809   0.01659  0.004706   0.05939        23       640    0.6174    0.6364    0.6084    0.3928   0.03611   0.01292  0.005483
   101/299     10.7G   0.03782   0.01648  0.004602    0.0589        21       640    0.6126    0.6437    0.6089    0.3929   0.03611   0.01292  0.005503
   102/299     10.7G   0.03782   0.01658  0.004644   0.05904        29       640    0.6155    0.6402    0.6083    0.3931   0.03612   0.01292  0.005513
   103/299     10.7G   0.03794   0.01634   0.00465   0.05893        20       640    0.6178    0.6379    0.6082     0.393   0.03613   0.01292  0.005527
   104/299     10.7G   0.03792   0.01641  0.004227   0.05855        23       640    0.6114    0.6451    0.6087    0.3931   0.03613   0.01292  0.005545
   105/299     10.7G   0.03773   0.01647   0.00435   0.05855        17       640    0.6002    0.6575    0.6085    0.3928   0.03614   0.01292  0.005557
   106/299     10.7G   0.03788   0.01641  0.004404    0.0587        25       640    0.6039     0.654    0.6086    0.3927   0.03614   0.01292  0.005583
   107/299     10.7G   0.03774   0.01644  0.004493   0.05868        30       640    0.6017    0.6563    0.6086    0.3927   0.03615   0.01292  0.005602
   108/299     10.7G   0.03764   0.01636  0.004461   0.05846        23       640    0.6014    0.6559     0.609    0.3927   0.03616   0.01293  0.005627
   109/299     10.7G   0.03795   0.01646  0.004512   0.05893        22       640    0.6096     0.646     0.609    0.3925   0.03617   0.01293  0.005637
   110/299     10.7G   0.03796    0.0165  0.004349   0.05881        20       640    0.6177    0.6373    0.6089    0.3927   0.03618   0.01293   0.00565
   111/299     10.7G   0.03754   0.01627  0.004246   0.05805        21       640    0.6095    0.6462    0.6089    0.3929   0.03618   0.01293  0.005666
   112/299     10.7G   0.03769   0.01639  0.004381   0.05846        20       640    0.6117    0.6438    0.6089    0.3926   0.03619   0.01293  0.005677
   113/299     10.7G   0.03751   0.01639    0.0044    0.0583        18       640    0.6119    0.6435    0.6087    0.3927   0.03619   0.01294  0.005681
   114/299     10.7G   0.03763   0.01637  0.004236   0.05825        22       640    0.6054    0.6518    0.6089    0.3927    0.0362   0.01294  0.005695
   115/299     10.7G    0.0374   0.01624  0.004218   0.05786        25       640    0.6064    0.6504    0.6092    0.3929   0.03621   0.01294  0.005711
   116/299     10.7G   0.03751   0.01637  0.004296   0.05818        22       640    0.6124     0.642    0.6091    0.3928   0.03622   0.01294  0.005727
   117/299     10.7G   0.03765    0.0164  0.004382   0.05842        18       640    0.6065    0.6498    0.6087    0.3926   0.03623   0.01295   0.00575
   118/299     10.7G   0.03761   0.01635  0.004134    0.0581        22       640    0.6014     0.655    0.6086    0.3926   0.03623   0.01295  0.005761
   119/299     10.7G   0.03718   0.01627  0.004293   0.05774        22       640    0.5998    0.6578     0.608    0.3923   0.03623   0.01295  0.005769
   120/299     10.7G   0.03742   0.01616  0.004319   0.05791        35       640    0.6012    0.6552    0.6082    0.3926   0.03623   0.01295  0.005776
   121/299     10.7G   0.03735   0.01631  0.004245    0.0579        21       640    0.5971    0.6604    0.6081    0.3928   0.03623   0.01295  0.005773
   122/299     10.7G   0.03718   0.01618  0.004077   0.05744        27       640    0.5942    0.6642     0.608     0.393   0.03624   0.01295  0.005777
   123/299     10.7G   0.03724   0.01625  0.004191   0.05768        17       640    0.5965    0.6627    0.6085    0.3934   0.03624   0.01295  0.005788
   124/299     10.7G   0.03739   0.01632  0.004269   0.05797        31       640    0.5885    0.6735    0.6083    0.3935   0.03624   0.01295  0.005797
   125/299     10.7G   0.03711   0.01626  0.003957   0.05732        28       640    0.5983    0.6609     0.608    0.3933   0.03624   0.01295  0.005814
   126/299     10.7G   0.03733    0.0163   0.00422   0.05785        28       640    0.5987    0.6601    0.6079    0.3932   0.03625   0.01294  0.005836
   127/299     10.7G   0.03755   0.01647  0.004197   0.05821        19       640    0.5998    0.6601    0.6079    0.3931   0.03625   0.01295  0.005852
   128/299     10.7G   0.03712   0.01634  0.003947    0.0574        26       640    0.6002    0.6582    0.6082    0.3928   0.03626   0.01295  0.005872
   129/299     10.7G    0.0373    0.0164  0.004027   0.05773        19       640    0.5983    0.6608    0.6076    0.3924   0.03626   0.01295  0.005893
   130/299     10.7G   0.03716   0.01631  0.004029   0.05749        33       640    0.5986    0.6603    0.6079    0.3924   0.03627   0.01295  0.005901
   131/299     10.7G   0.03681   0.01602    0.0039   0.05673        24       640    0.5985    0.6603    0.6083    0.3929   0.03627   0.01295   0.00592
   132/299     10.7G   0.03695   0.01626  0.004048   0.05725        24       640    0.5962    0.6622    0.6081    0.3929   0.03628   0.01295  0.005949
   133/299     10.7G   0.03701   0.01617  0.003828     0.057        23       640    0.5947    0.6632    0.6079    0.3931   0.03628   0.01296  0.005964
   134/299     10.7G   0.03682   0.01622  0.003972   0.05701        25       640    0.5975    0.6593    0.6077    0.3929   0.03629   0.01296  0.005976
   135/299     10.7G   0.03691   0.01618  0.003845   0.05693        17       640    0.5939    0.6639    0.6075    0.3928   0.03629   0.01296  0.005989
   136/299     10.7G    0.0368   0.01611  0.003842   0.05676        20       640    0.5943    0.6626    0.6074    0.3928    0.0363   0.01297  0.006001
   137/299     10.7G    0.0368   0.01619  0.003852   0.05684        34       640    0.5953    0.6624    0.6074    0.3928    0.0363   0.01297  0.006016
   138/299     10.7G    0.0369   0.01617  0.003918   0.05699        35       640    0.5986     0.659    0.6073     0.393    0.0363   0.01297  0.006027
   139/299     10.7G   0.03683   0.01612  0.003918   0.05686        23       640    0.5882    0.6711    0.6069    0.3933    0.0363   0.01297   0.00603
   140/299     10.7G   0.03687   0.01618  0.003932   0.05698        28       640    0.5852     0.677    0.6069    0.3931   0.03631   0.01297   0.00603
   141/299     10.7G   0.03656   0.01603  0.003772   0.05637        22       640     0.585    0.6769    0.6069    0.3933   0.03631   0.01297  0.006043
   142/299     10.7G   0.03686   0.01608  0.003683   0.05663        18       640    0.5925     0.667     0.607     0.393   0.03632   0.01298   0.00606
   143/299     10.7G   0.03668   0.01597  0.003788   0.05645        23       640    0.5844    0.6757     0.607    0.3933   0.03632   0.01298  0.006075
   144/299     10.7G   0.03661   0.01598   0.00387   0.05645        25       640    0.5825    0.6778    0.6069    0.3932   0.03632   0.01298   0.00608
   145/299     10.7G   0.03671   0.01612  0.003733   0.05657        18       640    0.6016    0.6538    0.6064    0.3928   0.03633   0.01298  0.006086
   146/299     10.7G   0.03641   0.01601   0.00376   0.05617        22       640     0.608    0.6459    0.6065    0.3925   0.03634   0.01298  0.006096
   147/299     10.7G   0.03653   0.01608  0.003805   0.05641        18       640    0.5963    0.6598    0.6067    0.3925   0.03635   0.01298  0.006103
   148/299     10.7G   0.03649    0.0161  0.003729   0.05632        23       640    0.6016    0.6538    0.6065    0.3923   0.03635   0.01298  0.006106
   149/299     10.7G    0.0366   0.01607  0.003897   0.05658        17       640    0.5996     0.656    0.6064     0.392   0.03635   0.01298  0.006108
   150/299     10.7G   0.03663   0.01602  0.003747    0.0564        19       640    0.5744    0.6895     0.606    0.3918   0.03635   0.01299  0.006115
   151/299     10.7G   0.03651   0.01597  0.003665   0.05615        24       640    0.5742    0.6894    0.6058     0.392   0.03635   0.01299  0.006123
   152/299     10.7G   0.03645   0.01614  0.003723   0.05631        20       640    0.5824    0.6774    0.6059    0.3922   0.03635   0.01299  0.006148
   153/299     10.7G   0.03627   0.01592  0.003671   0.05587        28       640    0.5859    0.6735     0.606    0.3921   0.03635     0.013  0.006162
   154/299     10.7G    0.0363   0.01597  0.003723   0.05599        18       640    0.5867    0.6722    0.6061    0.3921   0.03635     0.013  0.006171
   155/299     10.7G   0.03638   0.01579  0.003557   0.05572        22       640    0.5827    0.6775    0.6057    0.3917   0.03635   0.01301  0.006184
   156/299     10.7G   0.03617    0.0159  0.003669   0.05574        28       640    0.5761    0.6884    0.6058    0.3918   0.03635   0.01301  0.006199
   157/299     10.7G   0.03632   0.01595  0.003613   0.05588        29       640    0.5815    0.6792    0.6056    0.3916   0.03636   0.01301  0.006218
   158/299     10.7G   0.03622   0.01602  0.003501   0.05574        18       640    0.5821    0.6783    0.6054    0.3915   0.03636   0.01302  0.006234
   159/299     10.7G   0.03626   0.01588  0.003716   0.05586        20       640    0.5778    0.6839     0.605    0.3914   0.03637   0.01302  0.006252
   160/299     10.7G   0.03602   0.01584  0.003562   0.05542        18       640    0.5777    0.6843    0.6051    0.3914   0.03637   0.01302  0.006267
   161/299     10.7G   0.03631   0.01597  0.003715     0.056        22       640    0.5726    0.6901    0.6048    0.3911   0.03637   0.01302  0.006286
   162/299     10.7G   0.03611   0.01586  0.003611   0.05558        17       640    0.5796    0.6816    0.6048     0.391   0.03638   0.01303  0.006301
   163/299     10.7G   0.03626   0.01598  0.003508   0.05575        35       640    0.5845    0.6737    0.6041    0.3907   0.03638   0.01303  0.006324
   164/299     10.7G   0.03617   0.01589  0.003491   0.05556        18       640    0.5752    0.6861    0.6039    0.3908   0.03639   0.01304  0.006338
   165/299     10.7G   0.03628   0.01611  0.003613     0.056        21       640    0.5779    0.6809    0.6041    0.3909   0.03639   0.01304  0.006334
   166/299     10.7G   0.03596   0.01592  0.003596   0.05547        17       640    0.5801    0.6802    0.6042     0.391   0.03639   0.01304   0.00633
   167/299     10.7G   0.03613   0.01597  0.003513   0.05561        21       640    0.5836    0.6763    0.6044    0.3914   0.03641   0.01304  0.006337
   168/299     10.7G   0.03602   0.01602  0.003607   0.05565        21       640    0.5861    0.6717    0.6044    0.3913   0.03642   0.01305  0.006341
   169/299     10.7G    0.0358    0.0158  0.003343   0.05494        22       640    0.5884    0.6692    0.6037    0.3907   0.03642   0.01305  0.006341
   170/299     10.7G   0.03596   0.01573  0.003413   0.05509        22       640     0.586    0.6724    0.6035    0.3905   0.03642   0.01305  0.006345
   171/299     10.7G   0.03593   0.01586  0.003435   0.05523        32       640    0.5799    0.6794    0.6038    0.3906   0.03642   0.01305  0.006349
   172/299     10.7G   0.03559   0.01576  0.003384   0.05474        18       640    0.5816    0.6762    0.6034    0.3904   0.03642   0.01306  0.006362
   173/299     10.7G   0.03597   0.01578  0.003467   0.05522        25       640    0.5861    0.6696    0.6033    0.3904   0.03642   0.01306   0.00638
   174/299     10.7G   0.03577   0.01568  0.003391   0.05484        31       640    0.5828    0.6744    0.6037    0.3908   0.03642   0.01306  0.006385
   175/299     10.7G   0.03592   0.01567  0.003306    0.0549        22       640    0.5897     0.667    0.6037    0.3905   0.03643   0.01307  0.006388
   176/299     10.7G   0.03552   0.01565  0.003288   0.05446        26       640    0.5821     0.678    0.6034    0.3904   0.03643   0.01307  0.006394
   177/299     10.7G   0.03555   0.01578  0.003283   0.05462        28       640    0.5822    0.6776    0.6033    0.3902   0.03643   0.01307  0.006408
   178/299     10.7G   0.03591   0.01582  0.003498   0.05522        33       640    0.5792    0.6811     0.603    0.3901   0.03644   0.01308  0.006431
   179/299     10.7G    0.0357   0.01571  0.003411   0.05482        18       640    0.5826    0.6777    0.6032    0.3898   0.03644   0.01308  0.006438
   180/299     10.7G   0.03573   0.01584  0.003358   0.05493        18       640    0.5862    0.6716    0.6027    0.3898   0.03644   0.01309  0.006452
   181/299     10.7G   0.03564   0.01561  0.003224   0.05447        24       640    0.5837     0.676    0.6026    0.3898   0.03644   0.01309  0.006459
   182/299     10.7G   0.03547   0.01572  0.003231   0.05442        18       640    0.5866      0.67    0.6027    0.3901   0.03644   0.01309  0.006479
   183/299     10.7G   0.03557   0.01571   0.00324   0.05452        21       640    0.5881    0.6671    0.6023    0.3901   0.03644    0.0131  0.006496
   184/299     10.7G   0.03559   0.01567  0.003332   0.05459        18       640     0.575    0.6848    0.6026    0.3901   0.03645    0.0131  0.006513
   185/299     10.7G    0.0355    0.0157  0.003365   0.05456        16       640    0.5776    0.6821    0.6025    0.3899   0.03645   0.01311  0.006522
   186/299     10.7G   0.03564   0.01569  0.003265   0.05459        33       640    0.5859    0.6705    0.6024      0.39   0.03646   0.01311  0.006535
   187/299     10.7G   0.03538    0.0157  0.003124   0.05421        27       640    0.5826    0.6754    0.6022      0.39   0.03646   0.01312  0.006562
   188/299     10.7G   0.03536   0.01562  0.003121   0.05411        31       640    0.5792    0.6807    0.6023    0.3897   0.03647   0.01312  0.006601
   189/299     10.7G    0.0353   0.01553  0.003189   0.05403        21       640    0.5812    0.6778    0.6021    0.3901   0.03647   0.01312   0.00662
   190/299     10.7G   0.03525   0.01561  0.003098   0.05396        18       640    0.5802    0.6782    0.6018    0.3902   0.03647   0.01313  0.006647
   191/299     10.7G   0.03512   0.01565  0.003146   0.05392        28       640    0.5847    0.6713    0.6016    0.3898   0.03648   0.01313  0.006676
   192/299     10.7G   0.03518   0.01559  0.003048   0.05382        20       640    0.5703    0.6907    0.6014    0.3896   0.03648   0.01313  0.006694
   193/299     10.7G   0.03508   0.01556  0.003079   0.05372        19       640    0.5799    0.6772    0.6011    0.3893   0.03649   0.01314  0.006726
   194/299     10.7G    0.0352   0.01564  0.003207   0.05405        25       640    0.5816    0.6731    0.6012    0.3891    0.0365   0.01314  0.006758
   195/299     10.7G    0.0353    0.0156  0.003273   0.05418        20       640    0.5714    0.6876    0.6012    0.3891   0.03651   0.01315  0.006782
   196/299     10.7G   0.03512   0.01563  0.003148   0.05389        40       640    0.5713    0.6872    0.6011     0.389   0.03652   0.01315    0.0068
   197/299     10.7G   0.03503    0.0154  0.003019   0.05345        23       640    0.5835    0.6696    0.6009    0.3894   0.03653   0.01315  0.006828
   198/299     10.7G   0.03525   0.01565  0.003091     0.054        20       640    0.5696    0.6905    0.6008    0.3896   0.03654   0.01315  0.006849
   199/299     10.7G   0.03516   0.01555  0.003051   0.05376        19       640    0.5782    0.6776    0.6009    0.3894   0.03654   0.01316  0.006872
   200/299     10.7G   0.03509    0.0156  0.003039   0.05374        20       640    0.5764      0.68    0.6005    0.3893   0.03655   0.01317   0.00689
   201/299     10.7G   0.03496   0.01553  0.003059   0.05355        18       640    0.5613    0.7016    0.6001    0.3888   0.03656   0.01318  0.006909
   202/299     10.7G   0.03489   0.01545  0.003046   0.05338        24       640    0.5603    0.7017    0.5998    0.3891   0.03657   0.01318  0.006929
   203/299     10.7G   0.03487   0.01545   0.00294   0.05326        20       640    0.5772     0.677    0.5999    0.3887   0.03657   0.01319  0.006945
   204/299     10.7G   0.03486    0.0154  0.003002   0.05326        17       640    0.5742    0.6813    0.5996    0.3886   0.03658   0.01319  0.006957
   205/299     10.7G   0.03472    0.0154  0.002867   0.05298        16       640    0.5746    0.6817    0.5995    0.3885   0.03659    0.0132  0.006976
   206/299     10.7G    0.0348   0.01544  0.002932   0.05317        27       640    0.5701    0.6883    0.5992    0.3884    0.0366   0.01321  0.006989
   207/299     10.7G   0.03492   0.01549  0.003083   0.05349        23       640    0.5703    0.6881    0.5989    0.3881   0.03661   0.01321   0.00701
   208/299     10.7G   0.03478   0.01528  0.002972   0.05304        17       640    0.5682    0.6927    0.5989    0.3878   0.03661   0.01321  0.007029
   209/299     10.7G   0.03461    0.0155   0.00298    0.0531        18       640    0.5693      0.69     0.599    0.3878   0.03661   0.01322   0.00704
   210/299     10.7G   0.03483   0.01545  0.002958   0.05324        19       640    0.5685    0.6899    0.5986    0.3875   0.03662   0.01323  0.007051
   211/299     10.7G   0.03477   0.01547   0.00299   0.05322        46       640    0.5766    0.6768    0.5985    0.3875   0.03663   0.01323  0.007059
   212/299     10.7G   0.03476   0.01549  0.002959   0.05321        18       640    0.5708    0.6847    0.5983    0.3875   0.03664   0.01323  0.007086
   213/299     10.7G   0.03465   0.01535  0.002907    0.0529        21       640    0.5663    0.6923    0.5983    0.3875   0.03665   0.01324  0.007098
   214/299     10.7G   0.03474    0.0154   0.00286     0.053        23       640    0.5674    0.6905    0.5981     0.387   0.03666   0.01324  0.007106
   215/299     10.7G   0.03462    0.0153   0.00296   0.05288        23       640    0.5639    0.6949     0.598    0.3867   0.03667   0.01325  0.007122
   216/299     10.7G    0.0345    0.0153  0.002823   0.05262        18       640    0.5853    0.6639    0.5979    0.3866   0.03667   0.01325  0.007126
   217/299     10.7G   0.03454    0.0152  0.002779   0.05252        28       640     0.577    0.6748    0.5976    0.3867   0.03667   0.01326  0.007143
   218/299     10.7G   0.03485   0.01531  0.002861   0.05302        17       640    0.5812    0.6704    0.5972    0.3864   0.03668   0.01326  0.007157
   219/299     10.7G   0.03448   0.01523  0.002989    0.0527        28       640    0.5787    0.6739    0.5975    0.3867   0.03669   0.01326  0.007171
   220/299     10.7G    0.0346   0.01537  0.002874   0.05285        29       640    0.6017    0.6452    0.5968    0.3867    0.0367   0.01327  0.007183
   221/299     10.7G   0.03465   0.01543  0.002903   0.05298        20       640    0.5991    0.6492    0.5968    0.3866   0.03671   0.01327  0.007199
   222/299     10.7G   0.03427   0.01521  0.002821    0.0523        28       640    0.5863    0.6653    0.5968    0.3863   0.03672   0.01328  0.007219
   223/299     10.7G   0.03439   0.01537  0.002689   0.05245        25       640    0.5869     0.665    0.5966    0.3863   0.03672   0.01328  0.007237
   224/299     10.7G    0.0346   0.01531  0.003005   0.05291        20       640    0.5891    0.6631    0.5965    0.3863   0.03672   0.01329  0.007257
   225/299     10.7G   0.03458   0.01531  0.002788   0.05268        28       640    0.5848    0.6692    0.5964    0.3862   0.03673   0.01329  0.007275
   226/299     10.7G   0.03432   0.01513  0.002713   0.05217        21       640    0.5904    0.6626    0.5961    0.3862   0.03674    0.0133  0.007277
   227/299     10.7G    0.0342   0.01519   0.00274   0.05213        19       640    0.5889    0.6648    0.5956    0.3861   0.03675    0.0133  0.007281
   228/299     10.7G   0.03429   0.01531  0.002798    0.0524        23       640    0.5832    0.6718    0.5952    0.3861   0.03675   0.01331  0.007279
   229/299     10.7G    0.0344   0.01529  0.002876   0.05257        27       640    0.5899    0.6632    0.5955    0.3863   0.03676   0.01331  0.007285
   230/299     10.7G   0.03442   0.01537  0.002905   0.05269        23       640    0.5889    0.6643    0.5957    0.3866   0.03676   0.01332  0.007298
   231/299     10.7G    0.0343   0.01534  0.002769   0.05241        14       640    0.5897    0.6633    0.5954    0.3863   0.03677   0.01332  0.007292
   232/299     10.7G   0.03417   0.01517  0.002796   0.05214        22       640    0.5875    0.6657    0.5949    0.3862   0.03678   0.01332  0.007309
   233/299     10.7G   0.03413   0.01524  0.002684   0.05205        20       640    0.5854    0.6673    0.5947    0.3858   0.03679   0.01333  0.007318
   234/299     10.7G    0.0342   0.01521  0.002783   0.05219        21       640    0.5843    0.6685    0.5943    0.3857    0.0368   0.01333  0.007335
   235/299     10.7G   0.03405   0.01521  0.002718   0.05198        25       640    0.5843     0.667    0.5939    0.3856   0.03681   0.01334  0.007352
   236/299     10.7G   0.03411   0.01527  0.002686   0.05207        35       640    0.5877    0.6615    0.5941    0.3855   0.03682   0.01334  0.007359
   237/299     10.7G   0.03405   0.01514  0.002753   0.05194        22       640    0.5905     0.658     0.594    0.3857   0.03683   0.01335  0.007375
   238/299     10.7G   0.03422   0.01513  0.002677   0.05203        19       640    0.5896    0.6584    0.5935    0.3852   0.03684   0.01335  0.007393
   239/299     10.7G   0.03419   0.01517  0.002716   0.05207        28       640     0.582    0.6679    0.5936    0.3852   0.03685   0.01336  0.007417
   240/299     10.7G   0.03422   0.01521  0.002696   0.05213        24       640    0.5789    0.6716    0.5935    0.3852   0.03686   0.01337  0.007426
   241/299     10.7G   0.03411   0.01506  0.002796   0.05196        18       640    0.5809    0.6677    0.5935    0.3852   0.03685   0.01337   0.00743
   242/299     10.7G   0.03413   0.01511   0.00275   0.05198        19       640    0.5839    0.6636    0.5934    0.3851   0.03685   0.01338  0.007428
   243/299     10.7G   0.03396   0.01507  0.002722   0.05175        16       640    0.5815    0.6662    0.5932    0.3853   0.03686   0.01338  0.007433
   244/299     10.7G    0.0341   0.01504  0.002615   0.05176        22       640    0.5855    0.6595    0.5927    0.3853   0.03686   0.01339  0.007458
   245/299     10.7G   0.03406   0.01509  0.002675   0.05182        20       640    0.5875     0.656    0.5925    0.3853   0.03687    0.0134  0.007468
   246/299     10.7G   0.03394   0.01506  0.002668   0.05167        17       640    0.5838    0.6603    0.5923    0.3851   0.03687    0.0134  0.007462
   247/299     10.7G   0.03387   0.01509  0.002637    0.0516        28       640    0.5801    0.6648    0.5919    0.3851   0.03687    0.0134   0.00746
   248/299     10.7G   0.03391   0.01508  0.002684   0.05168        23       640    0.5851    0.6574    0.5922    0.3848   0.03688    0.0134   0.00745
   249/299     10.7G    0.0338   0.01501  0.002565   0.05138        18       640    0.5842    0.6581     0.592    0.3845   0.03687   0.01341  0.007454
   250/299     10.7G   0.03383   0.01502  0.002632   0.05149        40       640    0.5829      0.66     0.592    0.3843   0.03688   0.01342  0.007458
   251/299     10.7G   0.03373   0.01499  0.002594   0.05132        17       640    0.5912    0.6505    0.5921    0.3843   0.03689   0.01342   0.00746
   252/299     10.7G   0.03394   0.01503  0.002717   0.05169        26       640    0.5902     0.651    0.5919    0.3843   0.03689   0.01343  0.007474
   253/299     10.7G   0.03394   0.01498  0.002739   0.05165        25       640     0.589    0.6521    0.5916    0.3842    0.0369   0.01343  0.007486
   254/299     10.7G   0.03385   0.01509  0.002679   0.05162        23       640    0.5764    0.6682    0.5917    0.3837   0.03691   0.01344   0.00748
   255/299     10.7G   0.03377   0.01504  0.002717   0.05153        21       640    0.5795    0.6649    0.5915    0.3839   0.03692   0.01345  0.007488
   256/299     10.7G   0.03383    0.0151  0.002602   0.05153        34       640    0.5725    0.6743    0.5915    0.3838   0.03692   0.01345  0.007487
   257/299     10.7G   0.03378   0.01503  0.002528   0.05133        25       640    0.5716    0.6764    0.5916    0.3838   0.03693   0.01346  0.007497
   258/299     10.7G   0.03372   0.01504  0.002486   0.05125        37       640     0.571    0.6758     0.591    0.3838   0.03694   0.01346  0.007495
   259/299     10.7G   0.03361   0.01499  0.002623   0.05121        21       640    0.5807    0.6621    0.5911    0.3836   0.03695   0.01347   0.00751
   260/299     10.7G   0.03368   0.01495  0.002574   0.05121        21       640    0.5784    0.6646    0.5906    0.3832   0.03695   0.01348  0.007524
   261/299     10.7G   0.03375   0.01503  0.002587   0.05136        18       640     0.582    0.6605    0.5905     0.383   0.03697   0.01349  0.007546
   262/299     10.7G   0.03368    0.0151  0.002693   0.05148        22       640    0.5817    0.6596      0.59    0.3826   0.03698   0.01349  0.007556
   263/299     10.7G   0.03362   0.01495   0.00254   0.05111        25       640    0.5817    0.6585    0.5903    0.3831   0.03698   0.01349  0.007563
   264/299     10.7G   0.03355   0.01497  0.002616   0.05113        21       640    0.5787    0.6631    0.5899    0.3826   0.03699    0.0135  0.007589
   265/299     10.7G    0.0337   0.01495  0.002585   0.05124        17       640    0.5765    0.6647    0.5898    0.3826     0.037    0.0135  0.007602
   266/299     10.7G   0.03371   0.01504  0.002547    0.0513        26       640    0.5785    0.6607    0.5893    0.3825   0.03701   0.01351  0.007624
   267/299     10.7G   0.03363   0.01495  0.002624   0.05121        24       640    0.5805    0.6584    0.5892    0.3824   0.03701   0.01351  0.007634
   268/299     10.7G   0.03357   0.01496  0.002419   0.05095        20       640     0.582    0.6549    0.5886    0.3822   0.03702   0.01352  0.007657
   269/299     10.7G    0.0336   0.01502  0.002537   0.05115        32       640    0.5843    0.6533    0.5884    0.3821   0.03703   0.01352  0.007678
   270/299     10.7G   0.03336    0.0149  0.002424   0.05068        22       640    0.5829    0.6551    0.5883    0.3819   0.03704   0.01353  0.007693
   271/299     10.7G   0.03329   0.01484  0.002423   0.05055        20       640     0.581    0.6585    0.5884    0.3812   0.03705   0.01353  0.007695
   272/299     10.7G   0.03356   0.01491  0.002509   0.05098        41       640    0.5838    0.6556    0.5879     0.381   0.03706   0.01354   0.00771
   273/299     10.7G   0.03315   0.01487  0.002467   0.05048        22       640    0.5842    0.6538    0.5876    0.3811   0.03708   0.01355  0.007723
   274/299     10.7G   0.03348   0.01494  0.002465   0.05088        22       640    0.5794    0.6599    0.5876     0.381   0.03708   0.01355  0.007744
   275/299     10.7G   0.03349   0.01482  0.002417   0.05072        20       640    0.5807    0.6585    0.5875    0.3812    0.0371   0.01355  0.007765
   276/299     10.7G   0.03357   0.01496  0.002447   0.05098        20       640    0.5834    0.6548    0.5872    0.3809   0.03711   0.01356  0.007782
   277/299     10.7G   0.03358   0.01494  0.002503   0.05102        33       640    0.5772    0.6621    0.5877     0.381   0.03712   0.01356  0.007791
   278/299     10.7G   0.03342   0.01496  0.002426    0.0508        22       640    0.5721    0.6699    0.5876    0.3809   0.03714   0.01357  0.007793
   279/299     10.7G   0.03311   0.01474  0.002358   0.05021        24       640    0.5799    0.6584    0.5875    0.3808   0.03715   0.01357  0.007806
   280/299     10.7G   0.03348   0.01478  0.002573   0.05084        30       640    0.5762     0.663    0.5873    0.3809   0.03715   0.01358  0.007803
   281/299     10.7G   0.03351   0.01493   0.00247   0.05091        19       640    0.5733    0.6666    0.5873    0.3809   0.03716   0.01358  0.007802
   282/299     10.7G    0.0332   0.01479  0.002548   0.05054        26       640    0.5707    0.6713    0.5874     0.381   0.03717   0.01358  0.007817
   283/299     10.7G    0.0333   0.01487  0.002441   0.05061        30       640    0.5747    0.6653    0.5872    0.3811   0.03718   0.01359  0.007811
   284/299     10.7G   0.03318   0.01484  0.002496   0.05052        22       640    0.5665    0.6772    0.5872     0.381   0.03719   0.01359   0.00781
   285/299     10.7G   0.03328   0.01486  0.002511   0.05065        29       640    0.5654     0.679    0.5871    0.3807    0.0372   0.01359  0.007811
   286/299     10.7G   0.03349   0.01496  0.002587   0.05104        26       640    0.5676     0.677    0.5867    0.3807   0.03721    0.0136  0.007819
   287/299     10.7G    0.0332   0.01486  0.002544    0.0506        18       640    0.5682    0.6763    0.5867    0.3808   0.03721    0.0136  0.007832
   288/299     10.7G   0.03338   0.01482  0.002381   0.05058        24       640    0.5695    0.6743    0.5861    0.3808   0.03722   0.01361  0.007845
   289/299     10.7G    0.0333   0.01492  0.002474   0.05069        24       640    0.5727    0.6705    0.5861    0.3806   0.03722   0.01362  0.007871
   290/299     10.7G   0.03318   0.01469  0.002437    0.0503        22       640     0.574     0.669    0.5861    0.3804   0.03723   0.01362  0.007902
   291/299     10.7G   0.03319   0.01489  0.002563   0.05064        24       640    0.5749     0.668    0.5861    0.3806   0.03723   0.01363  0.007921
   292/299     10.7G   0.03339   0.01483  0.002501   0.05073        23       640    0.5719    0.6695    0.5856    0.3803   0.03724   0.01363  0.007934
   293/299     10.7G   0.03327   0.01478  0.002541   0.05059        20       640    0.5672    0.6768    0.5857    0.3801   0.03724   0.01364  0.007929
   294/299     10.7G   0.03329   0.01478  0.002418   0.05049        17       640     0.571    0.6695    0.5854    0.3801   0.03725   0.01364  0.007925
   295/299     10.7G   0.03331   0.01484  0.002515   0.05067        21       640    0.5729     0.666    0.5854    0.3799   0.03726   0.01364  0.007926
   296/299     10.7G   0.03312   0.01472  0.002361    0.0502        21       640    0.5746    0.6631    0.5852    0.3802   0.03726   0.01365  0.007924
   297/299     10.7G   0.03328    0.0147    0.0025   0.05048        25       640    0.5785    0.6579    0.5849    0.3802   0.03727   0.01365  0.007912
   298/299     10.7G   0.03314   0.01476  0.002479   0.05038        19       640    0.5726    0.6661    0.5847    0.3798   0.03727   0.01366  0.007904
   299/299     10.7G   0.03309   0.01469  0.002449   0.05023        17       640    0.5733    0.6658    0.5846    0.3796   0.03728   0.01366  0.007887
